     4.1  4.6  3.7    4.9  5.2  4.7    5.0  6.1  5.5    3.9  4.4  3.7
     4.3  4.9  3.9    4.6  5.6  4.7    5.4  6.2  5.9    3.3  4.3  3.9
     4.5  4.2  4.1    5.3  5.8  5.0    5.7  6.5  5.6    3.4  4.7  4.0
     3.8  4.5  4.5    5.0  5.4  4.5    5.3  5.7  5.0    3.7  4.1  4.4
     4.3  4.8  3.9    4.6  5.5  4.7    5.4  6.1  5.9    3.3  4.2  3.9
     4.8  5.6  5.0    4.9  5.9  5.0    6.0  6.0  6.1    4.1  4.9  4.3  
     4.5  5.8  5.2    5.5  5.3  5.4    5.7  6.3  5.3    3.9  4.7  4.1
     5.0  5.4  4.6    5.5  5.5  4.7    5.5  5.7  5.5    4.3  4.9  3.8
     4.6  6.1  4.9    5.3  5.7  5.1    5.7  5.9  5.8    4.0  5.3  4.7
     5.0  5.4  4.7    5.5  5.5  4.9    5.5  5.7  5.6    4.3  4.3  3.8
